-0.020566666666666664
-0.3582133333333334
-0.09101999999999998
-0.038693333333333337
-0.40407666666666664
-0.05883
-0.18859333333333334
-0.13537
-0.16801999999999997
-0.119
-0.2877833333333334
-0.10150999999999999
0.03968333333333332
-0.018880000000000015
0.15407999999999997
-0.21600999999999998
0.13769333333333333
0.16534333333333331
-0.13301666666666667
-0.03344666666666666
-0.4061133333333334
-0.08434000000000001
-0.08516333333333334
0.14708
0.14369333333333334
0.11782333333333334
0.07479333333333334
-0.10204
0.009036666666666667
-0.06953333333333332
0.060819999999999985
-0.24608666666666668
-0.26175333333333334
-0.008209999999999995
-0.21377666666666664
-0.22530000000000003
-0.43419333333333326
-0.22304333333333337
-0.39720333333333335
-0.4182366666666667
-0.09959666666666665
-0.005363333333333336
-0.16011
-0.21415
-0.2996066666666666
0.012776666666666664
0.0014733333333333334
0.20847000000000002
0.3064366666666667
0.28294
